Row means permutation length (starting from 1), column means sort-number (starting from 0):
1 0 0 0 0 0 0 0 0 0 0 0 0 0 0 0 0 0 0 0 0 0 0 0 0 0 0 0 0 0 
2 0 0 0 0 0 0 0 0 0 0 0 0 0 0 0 0 0 0 0 0 0 0 0 0 0 0 0 0 0 
4 1 1 0 0 0 0 0 0 0 0 0 0 0 0 0 0 0 0 0 0 0 0 0 0 0 0 0 0 0 
8 6 7 2 1 0 0 0 0 0 0 0 0 0 0 0 0 0 0 0 0 0 0 0 0 0 0 0 0 0
16 25 40 18 13 6 2 0 0 0 0 0 0 0 0 0 0 0 0 0 0 0 0 0 0 0 0 0 0 0 
32 90 210 131 118 91 44 3 1 0 0 0 0 0 0 0 0 0 0 0 0 0 0 0 0 0 0 0 0 0 
64 301 1046 874 939 969 625 126 73 19 4 0 0 0 0 0 0 0 0 0 0 0 0 0 0 0 0 0 0 0 
128 966 5034 5537 6939 9017 7300 2355 1876 837 279 50 2 0 0 0 0 0 0 0 0 0 0 0 0 0 0 0 0 0 
256 3025 23692 33932 48837 77633 77221 34131 32844 18964 8370 3109 781 83 2 0 0 0 0 0 0 0 0 0 0 0 0 0 0 0 
512 9330 109917 203435 332795 633925 761770 430875 480505 330383 178914 102542 41591 9961 1833 424 88 0 0 0 0 0 0 0 0 0 0 0 0 0 
1024 28501 505323 1201949 2220745 4986674 7126802 4936963 6306031 5057033 3190001 2367356 1283382 489253 147050 52297 13576 2015 766 58 1 0 0 0 0 0 0 0 0 0 
2048 86526 2309835 7031900 14625606 38195875 64100367 52674850 76458932 71000948 50877316 44833819 30185383 15426601 6451708 3078538 1156931 341470 133721 26247 2628 351 0 0 0 0 0 0 0 0
4096 261625 10520636 40867168 95583191 287012477 560151145 533487822 872260114 931359270 749479725 750740320 601958094 374223759 200606571 120425897 58792705 24695171 10601413 3112333 690944 160658 23595 1888 183 0 0 0 0 0
8192 788970 47813629 236444492 622238213 2126946598 4793049638 5203104345 9493702697 11561502948 10382369654 11543088901 10713073456 7698201509 5024025150 3604641719 2120390172 1114676600 552080926 227692448 79512844 25549707 5998510 1098269 227177 57218 6899 317 2 0
