Row means leading entry (starting from 1), column means sort-number (starting from 0):
1 4095 0 579229 3468851 56916472 143700469 154171272 365155314 604607709 511222178 935034474 1043233110 543214937 694116353 439424645 350776843 158091523 158946654 31531763 25877399 4584800 2039793 204376 104038 8705 5794 3 0 0
1 2047 1832593 24835443 19099418 154275971 235405338 232715560 502244780 842912235 660298953 915890934 844144209 707343043 397240730 344033761 172371996 100607990 40264802 23112425 4536857 3384462 294356 165866 3626 3347 23 34 0 0
2 3070 3698389 35344918 33825740 203775429 361956534 339311631 686088936 1006583255 745646365 893238083 760088498 562491981 267949895 184588061 83696695 39071683 14006399 4483331 859766 283337 25462 3210 130 0 0 0 0 0
4 4604 5447688 38888089 46579902 230326244 430722620 388040371 750428958 992085882 696563165 816003763 686780403 474260547 264638971 186049427 109691862 60191106 25737912 17563679 4046465 2388782 467140 100920 6163 5952 80 101 0 0
8 6904 6645869 36343275 52598255 228931370 424740519 382624079 730317608 956398127 655234968 805820522 691604226 498419520 295400663 216350888 128751215 68749161 25961590 16625153 3373749 1772306 239900 81372 14846 14581 33 93 0 0
16 10352 7056647 30130982 50658533 205465406 378751883 361592072 700208135 966259182 666580759 830707716 716224082 536315591 302832586 228930169 127760769 72114255 24954977 15788350 3045924 1397257 187812 33376 13662 293 14 0 0 0
32 15520 6677883 22832970 43195349 171392727 334210119 355183908 709078088 995075186 704831149 821597697 722406267 533401828 305731135 241569848 133619082 76717022 28045172 15953326 3915373 1208345 329169 27807 4993 780 4 19 2 0
64 23264 5694757 16321373 34046027 138720688 317461339 378886838 755336791 978975827 727474858 757297380 732068470 522877308 329437416 255681749 148700859 76212487 30411798 15440775 4121803 1490248 267486 64463 4270 2242 220 0 0 0
128 34864 4390603 11415668 26657454 117658710 339699239 425623578 785130899 866349084 738554926 705832678 780908615 528339964 356484318 251201609 161812521 71438567 35155067 13338073 5221800 1276581 435547 46448 11860 1782 205 12 0 0
256 52232 3051279 8024008 24027877 113821136 391825282 456285585 747589363 695561277 801463255 750674378 789395101 511936179 406549178 236753969 159995525 73184571 34458649 14081356 6107219 1690764 401851 69477 17098 3805 124 6 0 0
512 78220 1890859 5596398 29580620 124520680 432560175 438008407 669573239 583643718 941154339 801656634 702454564 569986579 416632782 229977948 140891207 81994721 34081320 17053809 3500964 1795603 291250 82764 6618 6792 57 21 0 0
1024 117074 1013713 3614615 47569576 138022429 401573454 425012869 624696555 549176170 1078219919 767038508 663907199 667447495 325867729 260547414 133078473 86556271 32171746 14410075 4992863 1561872 324406 80393 16795 1993 167 3 0 0
2048 175099 413349 1896204 82804549 133863741 282323731 475125604 696075456 527210529 994877561 863594418 686600779 616510445 322370352 275941701 128847883 84208221 34733373 12373672 5371960 1288044 334004 63196 10638 4202 30 11 0 0
4096 261625 0 621320 128126062 109255595 318118936 390522571 771778575 996664767 460247259 878701716 893257933 425656092 338773042 253590530 140395242 65539022 33151467 15936661 4540702 1427306 360334 74601 12440 2744 148 14 0 0
